3430333 434634044434 magos.

“TQ
4
3

510949 940530 3 8504 4009 33 93545 44097
4 680333 390706 4 1.1339 5345 34 90380 45433

5 435 3.34 54,4Μ 50 3 9.05453
5ῌω.34 3.ωω 5 mm 0335ω.43 mm

10690 38 107719 50778

9 1530749 791589 9 95513 19096 39 110554 59115
10 1700839 80,1766,10 98347 13369 40 113389 53451

90 3401664 1603539 11 31189 13699 41 116993 54787
30 5109496 9405999 19 34016 16035 49 110058 .

40 6803398 3907065 13 36851 17371 43 191899 57460
50 8504160 4008831 14 30686 13708 44 194797 53796

60 10904999 4810594 15 49590 90044 45 197569 60133
70 11905894 5619363 16 45355 91380 46 130397 63469

9,-9718 47 133931 69805

445.33 0349 353534
w 0434441540355.93

443 55493 33434 53 453439 444344
44 53333 34343154 453343 44459
1145 43354 33434 55 ’455963 ’43495
45 43434 34443 55 453443 44334

. ” 57 161577 76168

Ι58 165(141,1 73504

99 89906 38759 59 ,16-3937-1-718-810
30 85011 40088 60170083 80176

 

