246 54445555 toxommmm προχέιρω.

24

Gra· Minima Millinria Scru- Minima Miliaria} ἶ85745 Minima Milliaria
3445. Ιοιοάτοπιῐα. mec 44444414

l 17.4880 89906
8 349761 179813

’ff 554ῖῖ559
. 4 595555 559555
5 575455 4455551 5 44575 7495 55 455545 55445
5 4545555 555459, 5 45455 5995 Ι55 454555 55945
—7’1 ' 37 457545 55445
⁸2} 4595544 745555 55 445757 55945

9 4 4575954 555459
4ο 14 4745555 595555 Ι

·-----α- —-*- .-

5515497545 4795455 · 44 55554 45455 44 445554 54455
5ο ΙΙ 5545445 5597495145 54975 45954145 455445 55954

—ufi———ffssm —--

40 6995880 3595861113 ³.7890 19479 43 185331 64438
50 8744085 4495386 ἑ14 40805 840978 44 188845 65981
60110198830 5394391115 43780 88476 45 181160 67489 ’
70118841635 6893456 16146634 83975 46 184075 68989

—--—

551459954451 7495555 j 47 45549 55475 47 455959 75455
1 445 55454 55974 45 455954 75955
.... fs? 55575 55475 49 445549 75455

455 55595 55955 55 445755 75955

[81 61808 81467 51 148648 76480
588 64188 38965 58 151563 77919

-η--ῄ Ι--ι-ώ-

,55 57557 544544 55 ’454475 75447
54 55955 mk 457595 55945

’455 75555 55454155 455557 55444
;55 75754 55959 1⁴ 55 455554 55945

*mn—Q*-

Ι57175595 45457 ᾕῖᾆιῇᾟῖἶ
Ι55 54545 4495555 455554 55959

j 59 54555 45454 f 59 ¹ 4759551 554551

455, 57445 449554 5ο 474555 55955

 

