07707777 7070070777 magos.

2 47.‘2893 365551 2

1......-.......- .

3( 700770 777007 7 77700 0770 ἶ77 770077 700777
4 945735 777707 4177707 77777 34 133935 707777

7177777070 077777 70707 77777177 777077 700070
fig 141.8678 7000007 . , 77077 ,70 777700 700000

*—

11:271?
11.5758

³39 777077 777707
70 777070707777
7777000
70 7007700

701 0777777 7777070 77 07000 70007 777 700477 Ι770070
Ι7017707770 0777777 14 55170 7007771771777700 777077
100777770770770000070 77 59111 45593 ¹45 777777 777077
770 770077070770707070 70 07077 77740740 777777 770777·

-ιι -- -- ———- *Ιᾌ--η-ι-
1

“·-- ι--ι- —n ...υ-ι· η -———-——-——

8011891.571οι1463.8043“17 66992 5.]787 47 185214 143174
J 18 7.0933 574833 48 189155 146331

'‘m-[⁸ 70 77777 77770 740 707000 7700οἷ
οο 77777 00007 770 707077 707777

-Q— —m—-ln—*n——on-

07 70777 07077 Ι07 000077 777770

00 70000 6:7018{'52 007077 777707

‘⁸— Effi‘soo'ffiae 007770 707770

24 94577 77770 1⁵⁴ 077700 707707
““ “ ‘1'3'137'OE213710537314‘
70007 70 070077 770707

29 114380 88347 59 333503 179779
30 128832 9.1388 60 336446 183776

 

