(225)

--φ ——O- *— *ss- *Q

31 ¹} 30737656 31601555 33431496 33373366 34393114
33 - 30751938 31616087 33196303 33393463 31303517
§Um &M ³2⁵1.111}'334Ks}ff'³]32.‘3522f
31 1 30783483 31646164 33535930 33133671 31339338 1
’37113Βῖ3376 {M ‘3354165‘51’ ’a'affi ‘a'ffaffl
36 1 30809056 31674359 33555576 33453899 31370181 1

1 44 46 47 49· 49 1

40 30866351 31733503 33611935 33514115

4, 112). 31805408 33683318 33590173 34503334
46 309533 31830003 33704091 33605339 31534711

ᾗ. -ιι-1“-ι-ι- --—— -ῃῇ —n— ...ιιι-.-

47130966508 31834603 33713968 33630510 34540194
48· 30980818 31819305 33733351 33635687 34555681

49 80995193 31863813 33743738 33650869 34573174
50 81003540 31873436 33763630 33666055 34586673
4133334303 mmm 349344·
63 31033348 31907665 83793138 33696444 34613685

σ--1--ν--ι ——-··—· ——- -ᾞῴ-

53 31053609 31933393 33803331 33713616 34633199
51 ,31066975 31936993 33833345 33736853 31643719

— --— *3- *-*“

55 94094945 94994999 99999494 99949095 94994944·

99 ,94093749 94999499 99939099 99794999 94999794·
1’3“7’1’9’441.0094 ’91996999 ’9996996- ’994995ἶῖ 9499396

39 ,94434449 94999994 99999999 99494994 94740934

99 1 94499919 99040445 99999999 99909994 94499997
Q] 94439934 99094909 99949949 99949904 94944949

106. lv. (5 g

 

