1
9

Z 9 9145844

9 9197632 9890716 10146955 11076575 11709806
10 9907999 9831126 10157490 11007099 11790399

9959305 9333191 1050-9751
9970170 9393510 10590939

993053Ῑ 99011097 10530704
9990909 9919135 10531177
’ὦῶ-’9999359- 1055.1551 11131355 11515719
9313533 9935931 10559195 11199390 11395309

9392007 9945704 10579601 11909925 11836906
91 9339377 9956196 10583078 11913460 11847505

9319748 9966548. 10593556 11993997 11858105
9353119 9976971 10604034 11934535 11863706

95 ι 9353599 9937395 10519513 11915071 11579303

96

97 19301939 10008946 10635475 11906154 11900514
28 9394614 10013673 10645958 11276696 11913190

2373865 9997820 10694994

, 991 9103990 10099101 10555341 11937939 W
130 9415355 10039599 10555995 11997733 11939335

 

