1 66 ι1 6 27 1 6
ῙῇἾ 666661Ῑ6666-’66666“ 66661 16666
³2¹ 666611 66666 66669 66661 66666

——n- 1--u— *1-- ——u-—ffl

33 16661117 1 16666167 17666616 17666636 16671916
³4¹ 66661116166 66766 16666 66666

’35- 15886516 17298376 17908105 18591930
36 15897603Ι -15699 17999658 17919798 18606199

ξῖῐ ’67 16666 ’66666 16666 66166 16166
:j . ³8 66666 66666 66666 66161 66663
’ᾍ--·Ῑ6” 16666 16666 16666 16666 16166
- 666666166
16666

66663

431115915955 16611019 17318683 17999559 18686976
1411698665 16656215 17399979 18010961 18698190

ΕῨΕ’”6“ 66666 16666 66666 16166
ΙΙΞΙ 16116666 16666 66666 66666116666

16011875 16711915 17386185 18068001 18756090

ᾗ 171 66666 66666 666661 66666 66661
ἢ, 16166666 16666 666611 66666 16166
Ι66663 16666 66666 16666 66666

s ² 49 ¹—···-···--—
ῥ’ 50

’6-116666 66667 16666 66666 16666
621 66666 16666 66666 66667 16666

6 116666 16666 16666 16166 16666·
611-66761 16666 66666116666 66666
’6Ῐ116666Τ6666ἷ’16666 ’66669 16666
661 66669 66666ιέ6666- 66663ιὲ6666.

*¹ mvn—n-- *υ*-

67; 66669116666 66666 16666 66666
6 116666 66666 16666 66667 16666

——-— —u——n——- --——-—

”ἐ“116666 16666 116666 16666 16166

16161157 16836569 ἶ 17510958 ἒ 18193619 18882980

“ῑ66ῖ7ῗ““”““’“’”““91

 

