552 3311931133 30x09301111c1 54574423.

63

1131.ωέ ΜἰιιιιΗ 1351Ι 1411111111πκ1Μ11111Ι1551 · Miiariua 1111115513
. amp ua. οι rom. 0 1113.
““11““51“93”3“1““’“5“9’33“33“,“1“ 10339 99*3“ο 31 3ι.395*“5 9ο93*9““1

1934668 11976671 9 90578 19961139 399945 319378

Ἷῖὦῖὀόἶᾟῇιῖ 1-3-35359 99919133 339539 399353
9 9459337 939533911 41155 39999 31399393 339339

5 3086679 999.416815 51444 4.·9903 35 360119 349390
6 3704006 35990011 6 69733 519883 36 370400 359300

714391340 41918351 7 79099 69864137 380689 369981
81 493 8674 47906681 8 89311 79844138 390978 379961

1 9 99600 89895 39 401967 389949
109889 99805 40 411556 399999
ll.3l78 10978641491845 999903-

19 193467 119767 49 439134 419183

9319959399 93953311, 13 133955 199797 43 449493 499154
5ο 139355715 99911159 14 111315 139793 44 459719 439145

ffiffiffwffqwae 149703 45 ’5369119ἷῖ95-

13113913191 11913313115 159599 159539 15 473990 459105
3014’9'3'3'5-741‘477945'59'3‘117 174911 159559 47 433573 459035
. Ι113 135900 179550 43 493357 479057
’11 -1191195139 139530 49 559155 439047
30 90573 199511 50 511115 199993

--.-—n ——-—— —————-

. 1 91 9159111999599 151 59.4734 509003
1 1Ϋ995355 9195991159 53 5999 513939

1 93 935515 999559 53 593319 593999
191 945934 999533 59 555531 533959

-——— —— nn* *¹⁸¹⁸*

195 959993 919519 55 555399 513931
195 959511 959991 55 575179 553911
199 '9'7'73449594'7‘5'57'535457 553399
193 93 3039 97 9455 53 59 5755 57 3373
199 99 3373 939935 59 50.7045 533353
30 309557 999417 50 517394 593333

 

