6666666 ιοιιουιιοιιιοι πςιχέιςιι.

1Ῐ16ι16ς ΜιιιιιΙιι amu-*b Miianll 1111111671
1....Ι moecdynam c2.upl1. loodrom

—— ¹· σοι-ι- -

3060687 30159511 9 5.1011 50766· 39 816181819953

----1-ι“*-- --ῄιῇ

,11 15803111595 1 955·οὺ 95389131 790678 768871

6 6691661 6666966 6176617 76169166 616669 667666
6ι6ι676 6691661. 61166666 161666 66 667196 666οι9

-1—-——-——*-— -ῇὴ-

7651763 7661677Ι 6 ι6.7669 ι6.69ι6 66 69676ι 666166
6 9166067 91676661 6 ι66ο6ι 166697 66 916667 916785
7 '‘10766416 ιο66..6666· 7 176610 177660 167 666716 666766
6 6666766 1616660666606066 6ο.,666ι 66 666616 96 ι66ι

91 13773101 1370677819 999559 998446
101 15303447 1599975111 10 955057 953899

901 30606891 30459507 1'1 980563 979919 41 10457351040700
30145910337 45689961119 306069 304595 4910719411066083

6161666766 66916616 16 661676 666976
66117ι6ι7669 76166769 ιι 667666 66 666ι 4411666661116869

(6119666676 61676666
10660 6677

 

