5 1’555.1618 16219803 16890695 1 ’599 18250835
6 15565659 16230937 16901926 1 ,5933 ῒ18262278
18273722-
18235169

9 15598792 16261318 16935631 17612917 18296617
10 15609839 16275189 16916869 17621289 18308067

11563 1938 1629. 7771 1696 9351 1761. 6977 1833, 6913
-11-,15155355-155---ἣέ
11 15661011 1632. 0066 1699. 1839 1766. 9673 18353887

15 Ι15665099 16331211 17003086 17681023 18365316
16 15616155 16312361 17011331 17692375 18376808

- -ἡ-ι- ..ιι--

17 15637213 16353515 17025585 .
18 Ι15698272 16361668 17036836 17715085

15712525 16109297 17031860 17760525 18115615

1811585893) 161726‘387 17119117 1782f87-10 15511195

20 15820027 16137158 17160717 17810115 18525976
ἡ-3-0- 15831101 16198631 17111989 17861192 18537161

 

