33 12602848 13245786 13893048 1454 5077 15208083
34 12613588 13856477 13903876 145.) 5985 15813077

38 1265 6258 13809496 13947800 14599633 15)5 7067

89 18686943
40 18677630

13 1783343147 43364634 46666646 44643663 46664666

43 18709697 13353297 14001385 14654884 15318087
44 4 18780388 13364061 14012826 14665147 15383096

45 18781081
46 18741774

46 44763466 46467466 44666664 44766664 46667446

50 18784561 13488671 14077300 14780711 15389178

53 18816663 13460993 14109855 1476 3518 15188239
54 12827366 13471769 14120709 14774449 1543 3263

59 18880899 13525671 14175000 14889158 15488402
60 18801610 13536455 14185867 14840097 15409434

 

