(222)

,,,,,.
6196966666197666966 97669667 96666666 99696997

...u—*- -ρ —-— ——1—— *μ

6 96966666 97666666 97966776 99676666 99697966
611 96977669 97667676 97669966 99696666 99666696ι
Τ1669666-76· 'fifh—¹ 97669769 96697669 99696767
6 ,96669766 97696966 97696669 9966966 99699669

- 1,* *1- -ι-.- -—-—

--—— ⁸¹— ”-.

7 19666669 97667676 97969666 99796966 99666666
96699996 97696669 ,97996666 99799666 99667669

9 96669976 97696796 97996696 96769969 99696666

10 96356058 97147005 97960113 98766015 99595383

11 96369145 97160989 97963605 98779726 99609393
19 96389934 97179576 97977100 98799440 99693968

0——1— ——-—- -Ι- *ιη- -σι-

-ιιι--ι *fi-——p ——-—— ⁸——

66 96696696 97666667 97996699 96967669 99697967
66 96669699 97966666 99666669 96996666 99666669
66 ’96696696- 97966669 96667666 ’ 96696666 ’99666661
66 96696696 97996769 96696667 96966666 99679667

-n *ἢ --ι--ᾑ-

67 96667799 97966666 96666666 99669669 99699666
66 96666667 97966676 96666667 99676966 99767696
69 ’9666696 ’96966666- 96676667 99969666 99796999 .· 2
9ο 96697666 97999696 99666696 99906989 99796969
’9-6- ’9666199- ’9ἦ966666- ’96696ἶῖ ’96666666- ’99766969 ff
99 96666666 97666666 96669969 99996666 99769966
'53‘335‘25-45'273'1355-9- 99696796 ’969666 99776999
96 96669667 97696967 99699699 99966966 99796966
’96- 96669666 97666669 ’9966696 {M 99966966-
96 96666696 97669966 96666669 96966966 99966966

97 Ι 96579960 97379991 98179958 98999605 99889915

98 96599109 97386639 98193511 99019380 99846993

99 96605946 97399977 98907067 99097158 99860936
30 96618394 97413396 98990697 99040941 99879959

 

