55Ι 57155159

51 40919515 41995095 4959505411 45595559 Ι44595010
59 40901415 41511991 49415059 45545511 44119195

-u— -ι-ι -ι —n—-o --Μ

55 40955145 ’ 41599555 49409515 45555974 44909445
54 40909595 41545495 49400955 45505140 44509111

· 40900519 41555547 49455501 45504515 44101919
55 40505905 41505505 49405955 45595500 44791571

44801433
44801905

44890577
44910387

53 40610134 41603799 49806699 43951041 45198959
54 40697964 41719096 49895509 43970391 46148889

55 40645800 41730337 49844390 43989751 45168899
56 40663645 41748657 49803147 44009190 45108778

57 40681497 41766996 49801983 44098499 45908738
58 40699357 41705391 49900897 44047887 45998708

59 40717994 41803666 49919680 44007984 QVE-6⁶58*
60 40735099 41899018 49908549 44006690 45908678

 

