ι 66 1
-5'1'3'5'5'555-5-5-7-7555 555553 53 56536535 55565555 ’
3155333533 533 533545533565 55353355 55333553

inm. ...ιιι-ια, mm·- ————- ——-

5535 7031 53355653 55333053 56353353 53030333

55375537 53335377 5535 5733 55505730 53053357
Τ1”55“6”3,3553 53353535 55350501 55533503
6 55333555 53355535 55335033 56563333

—u—-m m *Ἢ

’5555536 53535356 55555535 55537-505 53133333
Ξ55555365 5353 5355 55335535 56553335 63563553

3 55335553 53155550 55563335 56555533 53533536
5ο 53553533 53555535 5533 3533 66565653 5375 6633 ·- 'j

11 62042348 6114959170 5601347658 6659 4540 6824 4740
42 62066174 6362,.3934 5504μο641 66621448 68272879

*115353 3555 5355 3755 55055355 56653356 53355333 z.
53513375 53553555 55533563 5557 5333 53353335 -ῤ

55

56 . .

ἶῖωᾟῖἶῇὗῖ 55563555 5575 6333 53553333
53 53333553 5365 3363 66535653 5653 3303 53553155

---- *naua—...m-

53 *5 5333 33355 53635555 66335555 5635 ο353 53553355 ,
3ο 5335 55335 53553636 5535 5536 5633 5553 63533563 ·

ᾓ- -ι-Π--οι-

66 533025353 537723575 56333553 56365653 53555565

33 5533 3355 5353 7535 55335333 56353535 53533333
35 5735 3357 53335333 55355335 56555353 53655335
1’35- '5255'55‘ 53357351 55355553 66353353 33636653
36 53535355 53353356 55553553 57030333 53663553
Ι’35“” 53535355 5333 7557 ’6556666Γ 55535533 5353 7553
33 5715 3553 53333336 55555535 5705 5557 5373 5057

...n—uum·— -p-——u -4--ι- ..ι-*ιιι-

29 6247 3629 53957551 5558. 1533 67061902 6876 4667
801 52497620 63972502 53537735 57109167 68786100

 

