’'T'OEff' 8888888 7888888 7877888 8888888

8ᾗ 8888887 8888888 7878887 7888888 8888888

Γῖᾱ “““’“’“““”“““”““”““““““““

8888888 8878888 7888788 7888887 8888888
ff 4. 8878888 8888888 7888887 7888788 8888888
Τ’“88Ῑ8.888”8“ 8888778 7888888 7888888 ’8888888
8 8888888 8788888 7888878 7888888 8888888
’7- ’8888788 8788888 7888887 7888888 8888888
8 8888887 8788888 7888888 7888788 8887878

ῃ

6203312 681.4089 7426994 8042232 8660009

88 8888878 8888888 7887888 8888887 8878888 ,χ

88 8888888 8888888 7887888 8888788 8888888 ·’
8ο 8888888 8888888 7887888 8878888 8888888
’88- 8888888 8888888 7887888 8888888 8788888
88 8888888 8888888 7878878 8888888 8788888
”ffssffiffi'ssffsffi 7888888 'REM 8788888
88 8888887 8888888 7888888 8888878 8788888
ἶ· 8888888 ,8888888 7888887 8888888 8788888
88 8888888 8888888 7888888 8888788 8788888

27 6304969 6916087 7529366 8145013 8763234
28 6315138 6926290 75389607 8155296 8773560

’88- 8888887 8888888 7888888 8888878 8788888
88Ι 8888877 8888888 7888888 8878888 8788888

 

