(230)

Η 5 51 1 59 5 55
TUM-Tn- 55557155-ᾟῖἶῖ 19555355 55115599

,9 ''115303687 46518203 47ἲ853789 49087119 50133447

..ιιι-*ῃ -— “—

3115595151 15515551 11555155 19159111 55155955
. 1 l* 15315191 15559511 11519119 19139555 55119139

ι l
———'—-* h—-un μ

’5-115555115115595151 11555159 19155515 55559555
515 15355595 ,15515559 11519115 19115155 55595555
1711555559 ’ὦῶ-’11555559 19191555 ’5555ἦῖ
⁴ 5115195955 15559955 11915951 19919991 55515555
1Τ115119511 1551.9915”1”155’5”.”55“ 19919519 55595551
115 1151151595 15595591 11951151 19951195 55515519

*- ἰ--ι--ιι- ..ιιι-ύ- *—

’51-1115159551 1511.11.·15’1191.9119 19155511 55539191

1 12 1ξ 45509345 46735176 1 48000549 49308510 50669453 , ·.-

--uu-o-——m-—‚ m*

11111ἓέ13131 11111ῖὲ11311 1113111111 13131113 1313ζέ113
’15-5115559151-115191159·“ἶ1515.19’59“ 19315555 55131191
Ι 15 11 15559593 5111515919 [13555355 19395559 55151111

111 1155151155 15519511 115155515 19119539 55111115
15 11553559 15359551115199315 19115115 55555519

- ffli—*⁴ ᾖ

19 1, 15555113 15555115 15155555 19151559 55593515
95 5115515555 15951515 15119115 19155355 55515559
‘ET-¹ 15595515 ’1595511Τ 15195919 ’5555559- 55559139
99 1151155911 15915915 15115195 19535511 55595511

45731949 46904116 48237058 49553184 50915956

1
5511515151 15951995 15955531 19515555 55939535

95 15551.ὗῖ ’51555555- ’1555ᾗὶ 19591355 ’55959535-

95 l! 15191955 11515155 15551511 3 19595151 55955951
’51-’115519951 1151155- 153951551555-15551- 51555559

95 5155151191 11555593 Ι
1 99 1115559511 [11555555 ; 15555513 19551359 1 51551915
‚= 35 1115515111 11115151 1 15155115 19159155 1 51515159

Μήνῃ-*- · · -v--t-——v-——fflm-

15115511 1195511915 51551115

 

