a— -—*

34757506 35701000 86605060 37600910 38659871 ’
2 84778069 35716896 36681809 37607533 38676891

311 33733637 33733793 36697663 37633333
3333333313 36733733 36733333 37733793 33713931

34819789 35704618 36730091 37717440 Ξξζὲἐὲἓὲ

81800968 35706161 36702614 37700743 38702093
31806558 35812391 86778929 37707405 38779154

-η-ιιμ-ι --ι-υ —-— -ι-

Ι34882158 35828328 36795220 37781073 38796221 ·
34897765 35844269 36811517 37800747 88818296

33933613 33393199 33363336 37333339
‹ 39933393 33933393 36373763 3736733799· 33333663

— ·--- μ —-— —ss- -n---

15 3497.5876 ’33923964 33393396 37333413τ ..
16 3·199.1515 33933331 36939333 37933939 33913333

l 85088464 85988005 36958469 37951109 .
20 35004125 86004004 3697,4828 37907848, 88984422

*- ..ῤ-

21 35009791 86020010 86998192 87984594 89001572
22 35085463 36086021 87007563 38001346 39018730

33· 33133143 36333333 37333941 33313336 39333394
39 33336333 3636336] 37393339 33333373 39333366

29 35195318 Ι36148268 37122334 88118798 89139028
30 35211034 36104321 37188755 38135608 39106242

----.....-----------·--···-·-·

 

