88888888 101011110111c1 προχίφοι.

--nu—--n -n—-¹—-—-n——-—- *ἡ

, 88 888888 888888 8 8888 8888 ,88 88888 ’M
! 32.1717 ¹242⁶⁴1 8 8888 8888 Ι88 88888 88888

888888 . ²
Ν 888888Ι . 8888 88 Q 88888
81Τ88-8-8-881 888888 7754}- 8888 88· 888888 88888
88 8888888 488888 8 88888 8281131102827 88888

’818888 ’88888

10 1 162.3588
J...—

30 487.0764 1868959 12 82471 1381261842 118651 48492

‘1⁸11- 6494352 2485279

{fun 8888888 88 88888 88888 j41 888888 88888

8ο 8888888 8888888

25 67649 85887155 148829 56953
26 7.0355 26923156 181585 57989

,27 78061
28 7.5767

’88 78888 88888 888 888888 88888
88 88888 88888 1⁶0 888888 88888

 

