4111141144 14444444141 51411514.

4

1444. 1 0010202
1441114144114111144. 14111114 11 4115111 mec n ua ο rom m 11

‘1'

:una-¹·-

9 1 494954

-..1....-.,..,..-,....-.-...

31 636396 1500001 3 10607 7500

1 818528 600000 4 10112 10000134120207 85000

γ’5154115’5555515τ514·’1551555155551
1111272792 9000001 6 2.]213 15000136 127278 90000

71ῖῶ ’'—
0 1 1591455 1

91 19491441 1454444

1 141 9191494 Ι1544444

94. 141 144955 149544
Te·:.·· 30 636.3961 4544444 , 19 49495 44444149 144491 145444

ι

.
4 144114 14141 1 11 1414

’56 1 19191999 9444444 15 54449
3. 14 ,14449944 14544444 15 55555

..······ '0³

19 51114 41544149 114949 199544
94 14114 54444154 115115 195444

91 14945 595οοῖ
99 11141 55444
’9451415 51544
94 44459 54444154 194914 145444
95 44441 49544 ’5519ἶῇἕῖ 141544.
95 91994 45444 55 191994 1444441

91 95454 41544
, 94 94994 14444

29 102529 72500
30 106065 75000

Kk2

 

1 919149 41 149544 11544 .

