1955).

ἰ55 1, 59595755 ,55997555 55555995 57555555 55555555
4. 59 559555555155595575 55555575 57555755 55555955

55 1 59575559 5 55557755 , 55555955 57595555 55555555
5-5 1 59595575 ’ 55575957 55555555 57955999 55597555
Tffiffiffisffi? 55555555- ’57956Ξῖ 55995595
4 55 fs 59555557 55595995 55555555 57975555 55955755

¹- ”⁸¹¹⁶—-⁰.m -——-—-—--

1 57 5159565791 ,55555555 55595555 57555557 55955559
555 5 59595957 55575555 55757555 57595555 59555555

...η- -ι--ι- ...ο--ὴ -ῄ *m

.“ ff 59 {3 59755955 , 55595555 ¹ 5. 755559 57555559 59555595

ζ 55 5 59759555 5559955555 55759957 57555999 59559555
. sss* 59755795 ’-55Ῑ7“5.99“99“Ι’5’5“7“9.5”9ἶ5““57·55.5557” 59595595
59 ᾗ59755559155975557 55595555 57555995 59595999
715ῑρῖῖ 59555555 ’ 55999838 ,56616951- ’57166566- 59555053
55 559555599 55595557 55575555 57595555 59555955
·· 55 ¹5 59555955 55555555 55955755 57595575 59955759
,55 15 59555555 55575755 55995555 57555555 59955555

Ι--“ -ι--ι- -η--ιι- ——nn-

; 5571559959579 55555555 55955555 57575775

z·- 59 ¹ 59955555 55555557 55557555 57555555 59599575
''J' 55 1ι 59959555 55575959. 55555955 57555757 59555557

Ι-’ἰ--ι- -- -ι-- ——- ,-

,551555555955 55555755 55555555 57555555 59555555

595

555 ᾗ 55555555 55555595 55555555 57755555 59555555
155 Ι 55555557 55575559 55555575 57759555 59575595

— ——u-—.-——==———·-—-‹ -m
5

53031725 54528144 56086966 57714147 59416193

——nb-—u— ..ι-..ι —u—--n -ι--ιι-ιι

n

55155555557 55555557 55555555 57795555 59555759
55 (55599555 55555555 55595595 57595957 59555555

157 {¹ 55955555 57555557 59555955
55 Ι 55575755 55555595 55955555 57555575 59595555
’.5-9-155955957 55755555 55975555 57955755 59595555
55 55995557 55755955 55999557 57955595 59559555

 

