3111131153 1333313313 προχίιροι.

6

'cn-1 11111555 1114141114 5555 11145111
mecondyam iesuaapl. loxromod

d! ——nfl —uu—

391979 36, 9131
78 ,3958 79. 4963

. 3 19593 13135533915533199179
· 4 95131 94149134 999115 935933

5 39555 33173135 993543 911943
Ι 5 39193 35913135 935131 911979
, 3 3135333 9391353 3

11 7,1861 66391541 967845 947455
49 97 4378 953491

4ο 1539ὖῖ13359ἶῖ FMWUMMK

5³3 50 19593943 13135535 14 91459 34497144 287444 265562

3ο 31353334 93973535 17 111353 13 9533 47 331359 933553
13 117593 133539 543 313535 939734Ι ’

99 189451 175030 59 385446 356096
80195984 181066 60 391978 369139.

Ll2 ’

 

